21.0 5.0
34.0 1.5
78.5 1.5
55.0 1.5
36.75 3.25
44.0 2.25
96.5 0.75
115.5 0.75
10.25 2.5
84.75 0.5
84.5 1.25
3.5 28.25
89.5 1.25
44.5 1.75
127.0 0.25
86.25 1.0
24.5 4.75
103.0 0.5
110.5 1.0
90.0 0.75
20.75 2.0
96.0 0.25
113.0 1.0
78.75 1.25
16.0 3.25
87.5 0.5
20.75 2.75
64.25 1.25
59.75 2.0
53.5 1.25
117.5 1.0
22.5 3.0
50.5 1.25
14.0 5.0
9.5 4.25
34.0 1.5
39.0 1.0
105.5 0.25
51.25 2.25
49.25 1.75
52.75 2.0
124.25 0.25
61.75 2.0
32.0 2.75
28.0 1.75
63.75 0.75
69.5 1.5
26.75 4.5
55.25 1.0
70.25 1.5
71.5 1.0
124.5 0.5
38.0 2.0
43.5 1.75
8.5 9.75
126.75 0.5
87.25 0.25
55.0 2.25
40.25 2.0
23.25 1.0
19.25 6.25
105.0 1.0
120.75 0.5
90.75 1.0
34.75 2.25
78.25 0.25
56.0 2.25
111.5 0.75
76.25 0.5
42.5 2.25
57.0 0.25
51.25 0.5
1.0 52.25
70.25 1.5
76.0 0.75
14.5 8.0
77.25 0.25
50.25 2.5
116.25 0.5
44.0 1.25
7.25 7.25
72.75 1.5
101.75 0.25
124.25 0.75
92.0 1.25
91.25 0.25
72.0 0.5
59.75 0.5
88.25 1.0
81.0 1.0
2.25 52.5
33.25 3.25
44.0 2.75
37.25 2.25
94.75 1.25
5.25 4.5
60.5 0.5
19.75 0.25
71.75 1.25
69.25 1.5
