26.0000 105.0000
35.5000 51.0000
80.0000 117.7500
56.5000 82.5000
40.0000 119.4375
46.2500 99.0000
97.2500 72.3750
116.2500 86.6250
12.7500 25.6250
85.2500 42.3750
85.7500 105.6250
31.7500 98.8750
90.7500 111.8750
46.2500 77.8750
127.2500 31.7500
87.2500 86.2500
29.2500 116.3750
103.5000 51.5000
111.5000 110.5000
90.7500 67.5000
22.7500 41.5000
96.2500 24.0000
114.0000 113.0000
80.0000 98.4375
19.2500 52.0000
88.0000 43.7500
23.5000 57.0625
65.5000 80.3125
61.7500 119.5000
54.7500 66.8750
118.5000 117.5000
25.5000 67.5000
51.7500 63.1250
19.0000 70.0000
13.7500 40.3750
35.5000 51.0000
40.0000 39.0000
105.7500 26.3750
53.5000 115.3125
51.0000 86.1875
54.7500 105.5000
124.5000 31.0625
63.7500 123.5000
34.7500 88.0000
29.7500 49.0000
64.5000 47.8125
71.0000 104.2500
31.2500 120.3750
56.2500 55.2500
71.7500 105.3750
72.5000 71.5000
125.0000 62.2500
40.0000 76.0000
45.2500 76.1250
18.2500 82.8750
127.2500 63.3750
87.5000 21.8125
57.2500 123.7500
42.2500 80.5000
24.2500 23.2500
25.5000 120.3125
106.0000 105.0000
121.2500 60.3750
91.7500 90.7500
37.0000 78.1875
78.5000 19.5625
58.2500 126.0000
112.2500 83.6250
76.7500 38.1250
44.7500 95.6250
57.2500 14.2500
51.7500 25.6250
53.2500 52.2500
71.7500 105.3750
76.7500 57.0000
22.5000 116.0000
77.5000 19.3125
52.7500 125.6250
116.7500 58.1250
45.2500 55.0000
14.5000 52.5625
74.2500 109.1250
102.0000 25.4375
125.0000 93.1875
93.2500 115.0000
91.5000 22.8125
72.5000 36.0000
60.2500 29.8750
89.2500 88.2500
82.0000 81.0000
54.7500 118.1250
36.5000 108.0625
46.7500 121.0000
39.5000 83.8125
96.0000 118.4375
9.7500 23.6250
61.0000 30.2500
20.0000 4.9375
73.0000 89.6875
70.7500 103.8750
